-602855
-672381
-874796
137483
488215
831603
-700952
679717
-653442
-392781
899884
741363
-597657
557277
937627
-679150
-722066
255757
722572
804060
664548
-570385
-793839
548234
-201067
558361
-789563
-990726
-532818
-571908
175727
652763
805632
-740150
226979
300846
517592
130971
477136
211998
-302278
636429
664310
-633437
95481
-134842
-456723
278776
-952288
-610989
-345327
-1338
-670754
714898
-76771
-714616
829531
57085
719847
-35274
-979132
-318090
-904577
-291411
19964
-31668
-215841
-851996
-39772
-426069
800344
-863668
126172
576469
-889741
-910906
256285
65494
-848091
-245218
-53526
326670
-705830
738964
-94939
-511973
-805363
-11444
832732
957246
334524
-167054
-499868
35026
695398
222173
-889593
-223244
106070
978857
-279512
440569
-241501
-805520
140053
-10829
-549253
-102881
-843979
-272884
341788
179704
-967516
940560
-966585
717290
-156470
-326208
-986521
-771699
-614222
749591
-238499
-562402
-575615
-442506
-409405
610876
-753660
-793060
118948
-603386
883394
540001
321056
-151717
302739
323175
-59407
689460
-420042
978902
537547
-511854
-104716
985046
-417584
-865666
-241477
279009
46294
468276
-308823
-461980
-576644
209676
141525
-802382
293616
-221135
361892
-542384
-781964
74291
-20803
-169746
748489
966952
379293
-235501
-175924
-815767
-581302
-969367
481146
-32437
-94342
-946552
365032
613199
129807
-437889
-561765
-191956
352023
480157
333651
-327760
689305
-754912
275160
-597400
-216604
-4408
-617739
741471
-401829
398802
-40775
-453086
-303853
-820759
194134
30268
-932093
510866
-473659
-737921
872755
-58547
314383
11706
328456
-719219
-898757
-400579
623513
587154
705556
-671580
-595406
-368789
322336
778121
393622
826327
585222
927698
-270843
-299609
-512996
-335398
-709098
-447282
865181
-882365
-358655
-179895
384762
-315067
-821763
-77173
-948942
-717323
-495859
146769
714119
-854048
-755838
-989703
-949102
-64377
-922423
976311
-683942
-42118
351522
-163854
100480
-32149
5262
-581662
-272585
876465
263382
174642
-738428
-34975
-807051
815854
70117
-870271
-166345
-321782
310450
776738
60673
-961812
515785
-647083
-326269
-914795
-41540
156117
-729162
698528
523531
314239
169435
-746466
-978518
-508121
-366703
-579735
493912
-503420
81866
-87299
495479
-646362
-754085
-384358
-582235
-587032
962156
371596
930999
183489
-555564
495408
830153
-170957
976627
480652
-478064
-18878
747328
852233
607755
403660
-176176
396036
318649
961897
-407480
-570516
711705
742622
430497
-112086
-607928
777128
738176
-134841
961332
-402876
863109
35490
133756
154294
645677
538774
-961213
-215290
103559
-265923
363426
-100003
690796
871805
779450
-63705
119664
319767
653980
846502
-336084
-141064
985594
434010
-381866
421194
920014
470246
310391
-938843
9691
628264
-320144
-763326
806222
582095
912755
791035
-228364
875448
468750
296574
804180
152949
-76381
320693
645493
214067
393960
36454
-614708
360912
212087
76477
-802725
-338225
-839566
-699724
-140261
634909
-841845
633892
-796416
439957
-352411
-853977
-21720
-287422
-673171
396464
369911
-689800
339007
1493
140467
-164127
682491
-938769
-246621
-631378
904249
-514467
537144
-960010
-286392
-960895
-871481
926974
240261
48404
43458
390251
-693583
507311
-809
515293
-861769
-589836
-131918
270190
990515
-125577
-436785
-441457
-831758
413805
-359827
951823
716710
-813101
432256
-226746
486123
853239
214943
-379077
-53013
637248
-677241
-772573
-990207
533603
712593
849430
-919609
144939
601279
559366
-178698
412104
-724662
8637
322892
244109
-335526
-579479
753627
270413
-641509
923259
-396977
65658
-578526
117400
-44535
-407711
-631908
-785337
-191816
-629967
-325835
-502248
-59565
542981
684379
-290665
-397026
36913
-890867
288937
917193
-656123
-203035
166139
-825329
459574
-799070
488962
-727958
15799
252136
547924
194734
978435
-383773
203151
-899600
209197
-371410
643017
175428
812568
-182386
926051
271934
256582
83822
702332
10529
-83271
944018
-148665
-576041
-765605
137815
-140303
735236
-905858
-312487
-16808
-32290
-773819
-463162
-993251
691514
-197716
561526
833788
-668101
-704994
997090
60317
-438560
-855552
361649
611113
662109
-88795
-234941
613681
325599
-668927
939398
-40409
174167
17426
-274710
698658
912461
836447
830190
-311939
-750273
981943
-852849
-237778
-184225
487180
-561550
-42802
-860566
63230
181477
-945841
635142
-419321
-712211
-852027
756088
-773867
757885
-935319
90022
916885
809687
10113
-411521
956464
-735829
432382
53122
-771145
-633933
978168
-529668
-649445
177026
816349
844063
557125
-143079
-36276
667834
517156
-425603
-18404
16379
-407976
-78790
778853
-603851
-416939
754483
415521
553221
753764
864401
-257257
677305
-466552
-878047
996400
-612040
896829
168718
9702
61969
-917329
255855
745744
-372261
409924
459295
540100
-106397
-329884
892176
-381463
971342
-146434
881129
-468782
-88839
435057
-940368
125330
-694253
-954140
470456
-234676
-114578
-14028
-675546
291086
-87846
328568
-912974
-128394
193332
-47109
810123
-890244
-547452
594924
879921
358138
-688455
7625
772622
-940123
-464590
415437
-375248
796140
-112420
-387686
156725
195011
7927
16560
676015
-715664
-979087
-387750
-262607
894148
-292209
321472
876778
395008
-234643
-84857
134077
822365
420473
690275
19885
-915985
554709
534926
-652229
-893674
-668377
758687
-273092
737407
805087
-752393
-675209
755885
-656184
-396978
-952120
763958
-253229
-171765
318546
-971193
531787
-420033
-248262
-788465
-260576
-941585
206808
671618
-100278
-286866
-663589
398656
53498
-367562
44380
-908792
-60385
977293
-924251
-783129
614646
-716330
13251
705576
-748435
-373936
144054
200302
55876
711036
873512
-222145
957079
-977179
-516051
-112106
446708
311092
12349
-673506
312391
801145
984176
359667
164687
460538
7758
-540981
-591678
-420834
-375862
-460307
922603
81587
718629
-327727
-130992
985551
-416190
195860
-951243
333085
-744133
386208
-795106
898985
-887579
562425
1727
-378293
-882586
522327
663500
324691
-423799
895501
